start1	end1	start2	end2	X4	n
36015000	36020000	36515000	36520000	AR	1
36015000	36020000	36515000	36520000	FOS	1
36015000	36020000	36515000	36520000	FOXA1	2
36015000	36020000	36515000	36520000	MED1	1
36015000	36020000	36515000	36520000	MLLT1	1
36015000	36020000	36515000	36520000	RELA	4
36015000	36020000	36515000	36520000	SMAD1	1
36015000	36020000	36515000	36520000	SP1	1
36015000	36020000	36515000	36520000	TCF3	1
36015000	36020000	36515000	36520000	ZNF143	1
36015000	36020000	36515000	36520000	ZSCAN16	1
36020000	36025000	36515000	36520000	BRD4	4
36020000	36025000	36515000	36520000	ESR1	1
36020000	36025000	36515000	36520000	GATA2	1
36020000	36025000	36515000	36520000	JUND	1
36020000	36025000	36515000	36520000	NEUROD1	3
36020000	36025000	36515000	36520000	TCF3	1
36020000	36025000	36515000	36520000	YY1	1
36020000	36025000	36515000	36520000	ZSCAN16	1
36020000	36025000	36520000	36525000	BRD4	4
36020000	36025000	36520000	36525000	ESR1	1
36020000	36025000	36520000	36525000	EZH2	1
36020000	36025000	36520000	36525000	MYC	2
36020000	36025000	36520000	36525000	NEUROD1	3
36020000	36025000	36520000	36525000	SPI1	2
36020000	36025000	36520000	36525000	ZNF317	1
36025000	36030000	36515000	36520000	ARNTL	2
36025000	36030000	36515000	36520000	EBF1	1
36025000	36030000	36515000	36520000	MED26	1
36025000	36030000	36515000	36520000	MEN1	1
36025000	36030000	36515000	36520000	MLLT1	1
36025000	36030000	36515000	36520000	NEUROD1	3
36025000	36030000	36515000	36520000	RELA	4
36025000	36030000	36515000	36520000	STAT5B	1
36025000	36030000	36515000	36520000	SUPT6H	2
36025000	36030000	36515000	36520000	XRCC5	1
36030000	36035000	36515000	36520000	AR	1
36030000	36035000	36515000	36520000	CEBPB	1
36030000	36035000	36515000	36520000	ESR1	1
36030000	36035000	36515000	36520000	GABPA	1
36030000	36035000	36515000	36520000	JUND	1
36030000	36035000	36515000	36520000	KDM1A	1
36030000	36035000	36515000	36520000	MED1	1
36030000	36035000	36515000	36520000	MYNN	1
36030000	36035000	36515000	36520000	SMAD1	1
36030000	36035000	36515000	36520000	SMAD3	1
36030000	36035000	36515000	36520000	SMAD4	1
36030000	36035000	36515000	36520000	SMARCA4	1
36030000	36035000	36515000	36520000	SMC1A	1
36030000	36035000	36515000	36520000	SP1	1
36030000	36035000	36515000	36520000	ZNF143	1
36030000	36035000	36515000	36520000	ZSCAN16	1
36030000	36035000	36520000	36525000	ESR1	1
36030000	36035000	36520000	36525000	MAX	1
36030000	36035000	36520000	36525000	MYNN	1
36030000	36035000	36520000	36525000	OSR2	1
36030000	36035000	36520000	36525000	RAD21	1
36030000	36035000	36520000	36525000	ZNF22	1
36050000	36055000	36515000	36520000	AR	1
36050000	36055000	36515000	36520000	ARID2	1
36050000	36055000	36515000	36520000	CEBPB	1
36050000	36055000	36515000	36520000	FOSL1	1
36050000	36055000	36515000	36520000	GABPA	1
36050000	36055000	36515000	36520000	GATA6	1
36050000	36055000	36515000	36520000	IRF1	1
36050000	36055000	36515000	36520000	JUND	1
36050000	36055000	36515000	36520000	KDM1A	1
36050000	36055000	36515000	36520000	MED26	1
36050000	36055000	36515000	36520000	MYNN	1
36050000	36055000	36515000	36520000	POU5F1	1
36050000	36055000	36515000	36520000	SMAD3	1
36050000	36055000	36515000	36520000	SMAD4	1
36050000	36055000	36515000	36520000	SP1	1
36050000	36055000	36515000	36520000	SPI1	1
36050000	36055000	36515000	36520000	TCF3	1
36050000	36055000	36520000	36525000	ATF2	1
36050000	36055000	36520000	36525000	ERG	1
36050000	36055000	36520000	36525000	EZH2	1
36050000	36055000	36520000	36525000	KLF4	1
36050000	36055000	36520000	36525000	MAX	1
36050000	36055000	36520000	36525000	MYNN	1
36050000	36055000	36520000	36525000	RAD21	1
36050000	36055000	36520000	36525000	SALL2	1
36050000	36055000	36520000	36525000	SMAD2-3	1
36050000	36055000	36520000	36525000	STAT3	1
36050000	36055000	36520000	36525000	SUPT6H	1
36050000	36055000	36520000	36525000	VDR	1
36130000	36135000	36420000	36425000	AR	4
36130000	36135000	36420000	36425000	E2F4	1
36130000	36135000	36420000	36425000	ESR1	1
36130000	36135000	36420000	36425000	FLI1	1
36130000	36135000	36420000	36425000	HNF1B	1
36130000	36135000	36420000	36425000	HNF4A	2
36130000	36135000	36420000	36425000	LIN54	1
36130000	36135000	36420000	36425000	LMO2	1
36130000	36135000	36420000	36425000	PAXIP1	1
36130000	36135000	36420000	36425000	TAL1	1
36130000	36135000	36420000	36425000	XRCC5	1
36140000	36145000	36460000	36465000	ATF2	1
36140000	36145000	36460000	36465000	BCOR	2
36140000	36145000	36460000	36465000	BRD2	1
36140000	36145000	36460000	36465000	CDKN1B	1
36140000	36145000	36460000	36465000	CEBPA	1
36140000	36145000	36460000	36465000	CLOCK	1
36140000	36145000	36460000	36465000	CREB1	1
36140000	36145000	36460000	36465000	EGR1	1
36140000	36145000	36460000	36465000	ELF1	1
36140000	36145000	36460000	36465000	ELF3	1
36140000	36145000	36460000	36465000	ESR1	3
36140000	36145000	36460000	36465000	EZH2	1
36140000	36145000	36460000	36465000	FLI1	1
36140000	36145000	36460000	36465000	FOXA1	1
36140000	36145000	36460000	36465000	GATA3	1
36140000	36145000	36460000	36465000	HDAC3	1
36140000	36145000	36460000	36465000	HMGXB4	1
36140000	36145000	36460000	36465000	JUNB	1
36140000	36145000	36460000	36465000	JUND	1
36140000	36145000	36460000	36465000	KDM4A	1
36140000	36145000	36460000	36465000	KLF6	1
36140000	36145000	36460000	36465000	MAF	1
36140000	36145000	36460000	36465000	MED26	1
36140000	36145000	36460000	36465000	MYB	1
36140000	36145000	36460000	36465000	NR2F6	1
36140000	36145000	36460000	36465000	NR3C1	2
36140000	36145000	36460000	36465000	PGR	1
36140000	36145000	36460000	36465000	PPARG	1
36140000	36145000	36460000	36465000	PRDM14	1
36140000	36145000	36460000	36465000	RBBP5	1
36140000	36145000	36460000	36465000	REST	2
36140000	36145000	36460000	36465000	SKI	1
36140000	36145000	36460000	36465000	SMAD3	2
36140000	36145000	36460000	36465000	SNAI2	1
36140000	36145000	36460000	36465000	SPI1	1
36140000	36145000	36460000	36465000	TAL1	1
36140000	36145000	36460000	36465000	TBP	1
36140000	36145000	36460000	36465000	TCF7L2	1
36140000	36145000	36460000	36465000	USF1	1
36140000	36145000	36460000	36465000	YY1	1
36140000	36145000	36460000	36465000	ZBTB7A	1
36140000	36145000	36460000	36465000	ZBTB7B	1
36140000	36145000	36460000	36465000	ZFP36	1
36140000	36145000	36460000	36465000	ZNF143	3
36140000	36145000	36460000	36465000	ZNF263	1
36140000	36145000	36460000	36465000	ZNF384	1
36140000	36145000	36460000	36465000	ZNF572	1
36140000	36145000	36515000	36520000	BRD4	4
36140000	36145000	36515000	36520000	CLOCK	1
36140000	36145000	36515000	36520000	FOS	1
36140000	36145000	36515000	36520000	JUND	1
36140000	36145000	36515000	36520000	MED26	1
36140000	36145000	36515000	36520000	POU5F1	1
36140000	36145000	36515000	36520000	SMC1A	1
36140000	36145000	36515000	36520000	SPI1	1
36140000	36145000	36515000	36520000	YY1	1
36145000	36150000	36425000	36430000	ARNTL	1
36145000	36150000	36425000	36430000	BCL11A	1
36145000	36150000	36425000	36430000	BRD2	1
36145000	36150000	36425000	36430000	CBFB	1
36145000	36150000	36425000	36430000	CEBPA	1
36145000	36150000	36425000	36430000	ERG	1
36145000	36150000	36425000	36430000	ESR1	2
36145000	36150000	36425000	36430000	FOXP1	1
36145000	36150000	36425000	36430000	GATA4	1
36145000	36150000	36425000	36430000	GLIS1	1
36145000	36150000	36425000	36430000	IRF1	1
36145000	36150000	36425000	36430000	IRF4	1
36145000	36150000	36425000	36430000	MED1	3
36145000	36150000	36425000	36430000	NFE2	1
36145000	36150000	36425000	36430000	NR2F6	1
36145000	36150000	36425000	36430000	PGR	1
36145000	36150000	36425000	36430000	PPARG	1
36145000	36150000	36425000	36430000	STAT1	1
36145000	36150000	36425000	36430000	TEAD1	1
36145000	36150000	36425000	36430000	TWIST1	1
36145000	36150000	36425000	36430000	ZNF281	1
36145000	36150000	36425000	36430000	ZNF766	1
36145000	36150000	36520000	36525000	ERG	1
36145000	36150000	36520000	36525000	KLF4	1
36145000	36150000	36520000	36525000	STAT3	1
36150000	36155000	36460000	36465000	BCL11A	1
36150000	36155000	36460000	36465000	BRD2	1
36150000	36155000	36460000	36465000	CBFA2T2	1
36150000	36155000	36460000	36465000	CEBPB	1
36150000	36155000	36460000	36465000	CTBP1	1
36150000	36155000	36460000	36465000	DRAP1	1
36150000	36155000	36460000	36465000	ELF1	1
36150000	36155000	36460000	36465000	FIP1L1	1
36150000	36155000	36460000	36465000	GATA2	1
36150000	36155000	36460000	36465000	GATA3	1
36150000	36155000	36460000	36465000	GATA6	1
36150000	36155000	36460000	36465000	KDM1A	1
36150000	36155000	36460000	36465000	PGR	1
36150000	36155000	36460000	36465000	PPARG	1
36150000	36155000	36460000	36465000	SP1	2
36150000	36155000	36460000	36465000	STAT3	2
36150000	36155000	36460000	36465000	TEAD1	2
36150000	36155000	36460000	36465000	TRIM28	1
36150000	36155000	36460000	36465000	YY1	1
36150000	36155000	36460000	36465000	YY1AP1	1
36150000	36155000	36460000	36465000	ZBTB7B	1
36150000	36155000	36460000	36465000	ZNF534	1
36150000	36155000	36460000	36465000	ZNF750	1
36150000	36155000	36520000	36525000	ESR1	1
36150000	36155000	36520000	36525000	RAD21	1
36150000	36155000	36520000	36525000	TRIM24	1
36185000	36190000	36425000	36430000	ARNTL	1
36185000	36190000	36425000	36430000	ATF1	1
36185000	36190000	36425000	36430000	ATF3	1
36185000	36190000	36425000	36430000	BCL11A	1
36185000	36190000	36425000	36430000	CREB1	1
36185000	36190000	36425000	36430000	CREM	1
36185000	36190000	36425000	36430000	CTCF	1
36185000	36190000	36425000	36430000	JUND	1
36185000	36190000	36425000	36430000	SMC1A	1
36185000	36190000	36425000	36430000	STAG1	1
36185000	36190000	36425000	36430000	TP63	1
36200000	36205000	36425000	36430000	BCL6	1
36200000	36205000	36425000	36430000	BRD2	1
36200000	36205000	36425000	36430000	BRD3	2
36200000	36205000	36425000	36430000	CC2D1A	1
36200000	36205000	36425000	36430000	CEBPA	1
36200000	36205000	36425000	36430000	CREB1	1
36200000	36205000	36425000	36430000	CTBP1	1
36200000	36205000	36425000	36430000	E2F6	1
36200000	36205000	36425000	36430000	E4F1	1
36200000	36205000	36425000	36430000	EP300	1
36200000	36205000	36425000	36430000	ERG	1
36200000	36205000	36425000	36430000	ESR1	2
36200000	36205000	36425000	36430000	ETS1	1
36200000	36205000	36425000	36430000	ETV6	1
36200000	36205000	36425000	36430000	FOXK2	1
36200000	36205000	36425000	36430000	GATA6	1
36200000	36205000	36425000	36430000	GFI1B	1
36200000	36205000	36425000	36430000	GTF2F1	1
36200000	36205000	36425000	36430000	HDAC1	1
36200000	36205000	36425000	36430000	HDAC2	2
36200000	36205000	36425000	36430000	HDGF	2
36200000	36205000	36425000	36430000	HMGXB4	1
36200000	36205000	36425000	36430000	HNF4A	1
36200000	36205000	36425000	36430000	HOXA3	1
36200000	36205000	36425000	36430000	HSF1	1
36200000	36205000	36425000	36430000	JUND	1
36200000	36205000	36425000	36430000	KDM1A	2
36200000	36205000	36425000	36430000	KLF9	1
36200000	36205000	36425000	36430000	L3MBTL2	1
36200000	36205000	36425000	36430000	LDB1	1
36200000	36205000	36425000	36430000	MAZ	1
36200000	36205000	36425000	36430000	MNT	1
36200000	36205000	36425000	36430000	MYB	1
36200000	36205000	36425000	36430000	MYNN	2
36200000	36205000	36425000	36430000	NEUROD1	1
36200000	36205000	36425000	36430000	NFE2	1
36200000	36205000	36425000	36430000	NFE2L2	1
36200000	36205000	36425000	36430000	NFIC	2
36200000	36205000	36425000	36430000	NFYA	1
36200000	36205000	36425000	36430000	PHF8	1
36200000	36205000	36425000	36430000	PML	1
36200000	36205000	36425000	36430000	RUNX1	2
36200000	36205000	36425000	36430000	SIN3A	1
36200000	36205000	36425000	36430000	STAT3	2
36200000	36205000	36425000	36430000	TAF1	1
36200000	36205000	36425000	36430000	TAF9B	1
36200000	36205000	36425000	36430000	TBL1XR1	1
36200000	36205000	36425000	36430000	TBP	1
36200000	36205000	36425000	36430000	TCF3	1
36200000	36205000	36425000	36430000	TFE3	1
36200000	36205000	36425000	36430000	U2AF1	1
36200000	36205000	36425000	36430000	UBTF	1
36200000	36205000	36425000	36430000	USF2	1
36200000	36205000	36425000	36430000	XRCC5	1
36200000	36205000	36425000	36430000	YY1	3
36200000	36205000	36425000	36430000	ZBTB40	2
36200000	36205000	36425000	36430000	ZFP36	1
36200000	36205000	36425000	36430000	ZFX	1
36200000	36205000	36425000	36430000	ZKSCAN1	1
36200000	36205000	36425000	36430000	ZNF143	1
36200000	36205000	36425000	36430000	ZNF263	1
36200000	36205000	36425000	36430000	ZNF592	1
36220000	36225000	36515000	36520000	ARNTL	2
36220000	36225000	36515000	36520000	BRD4	4
36220000	36225000	36515000	36520000	EBF1	1
36220000	36225000	36515000	36520000	FOS	1
36220000	36225000	36515000	36520000	GATA2	1
36220000	36225000	36515000	36520000	POU5F1	1
36220000	36225000	36515000	36520000	SMAD1	1
36220000	36225000	36515000	36520000	SMC1A	1
36220000	36225000	36515000	36520000	SPI1	1
36220000	36225000	36515000	36520000	TCF3	1
36220000	36225000	36515000	36520000	XRCC5	1
36220000	36225000	36515000	36520000	YY1	1
36220000	36225000	36515000	36520000	ZNF143	1
