Bed_File InBed_Index_SNP ExpectNum_of_InBed_SNP PValue N1_N2 Np Np_Nn odds low high p_fisher
1_GATA2-Interval-Track.bed 3641 2691.01911385195 1.27958873778956e-95 193817 18433 3812599 4.66411180099104 4.49607853283134 4.83937171572529 0
1_GATA2_1-Interval-Track.bed 3641 2691.01911385195 1.27958873778956e-95 193817 18433 3812599 4.66411180099104 4.49607853283134 4.83937171572529 0
All_peaks.merged5.hg19.bed 14681 13021.8942540674 1.28783078355473e-213 1211676 18433 3812599 8.48981854666146 8.18903407262466 8.80055976925836 0
All_peaks.narrowPeak.cleaned.hg19.merged.bed 14681 13021.8942540674 1.28783078355473e-213 1211676 18433 3812599 8.48981854666146 8.18903407262466 8.80055976925836 0
CN8_hg38.cleaned.hg19.merged.bed 74 29.8757276803836 1.40778737751486e-14 1801 18433 3812599 8.85147984207894 6.91414587841966 11.1756350769432 5.4752415948392e-43
CN_all_peaks.narrowPeak.cleaned.hg19.merged.bed 9007 6141.09543108776 0 426725 18433 3812599 7.72348127974719 7.50219615466755 7.95323323455995 0
CN_all_peaks.overlap.Conserved.bed 1763 1019.67986870739 9.22075085580486e-140 60299 18433 3812599 6.74921879322577 6.41698162922595 7.09386244051986 0
CN_all_peaks.overlap.footprint.bed 1751 970.424405761633 2.38724884507897e-155 45291 18433 3812599 9.04153484765209 8.59357184257474 9.50625004423418 0
CN_footprint.hg19.bed 1751 970.894564309411 4.23172192636539e-155 45342 18433 3812599 9.03085619919548 8.58247369000179 9.49814128048964 0
CN_merged_cutsite_peaks.narrowPeak.hg19.bed 8029 4980.2462657471 0 347595 18433 3812599 7.85116886163607 7.62478693360318 8.08670804311495 0
CN_merged_footprint.dnase2tf.bed 221 145.390817007382 5.1095383401442e-11 6447 18433 3812599 7.38335187483912 6.42206559663568 8.45099258359838 1.93831575194633e-109
CN_merged_footprint.dnase2tf.hg19.bed 595 222.510527569003 3.89817190976828e-110 15411 18433 3812599 8.50842447387238 7.81599108450589 9.24846308402658 2.10966030774212e-320
CTCF_Hoffman.bed 5792 4541.61530331909 1.05250490821482e-119 286816 18433 3812599 5.7277756956475 5.54962329545643 5.91027736346491 0
Coding_UCSC.bed 3694 2776.90244089438 2.03267908598811e-90 280566 18433 3812599 3.18388312495223 3.06939942853616 3.30147370649259 0
Conserved_LindbladToh.bed 5631 5143.8797401974 4.11897262241187e-20 387619 18433 3812599 3.92867689666144 3.80654934100195 4.05518575489 0
DHS_peaks_Trynka.bed 14861 12946.4529445627 5.85019467306929e-296 1090398 18433 3812599 10.5161044075123 10.1405044569028 10.9138742880284 0
DN_all_peaks.narrowPeak.cleaned.hg19.merged.bed 11267 8276.56661579874 0 653176 18433 3812599 7.7210235225429 7.49298237257802 7.95644845828432 0
DN_all_peaks.overlap.Conserved.bed 2253 1506.3111157037 1.10091929596823e-98 97752 18433 3812599 5.39266355800067 5.15585119198706 5.63899033236047 0
DN_all_peaks.overlap.footprint.bed 1881 1140.29375140178 9.77004166130099e-127 54520 18433 3812599 8.07765370110269 7.69194507062385 8.47859995910284 0
DN_footprint.hg19.bed 1884 1140.67090909589 1.665766817405e-127 54598 18433 3812599 8.08032737660452 7.69460888094224 8.4833358011438 0
DN_merged_cutsite_peaks.narrowPeak.hg19.bed 10607 7398.21340687237 0 555700 18433 3812599 8.07846130403711 7.84562172517751 8.31903483384522 0
DN_merged_footprint.dnase2tf.bed 643 500.104387273077 4.32254938697403e-12 23539 18433 3812599 5.95326662659821 5.48924433209843 6.44753696391385 3.67838922954629e-262
DN_merged_footprint.dnase2tf.hg19.bed 2263 1161.74670045595 9.56492549575537e-257 59319 18433 3812599 9.16904716097813 8.76295747886173 9.5897257856408 0
DNaseI.bed 7399 5247.273350612 2.27943832471776e-298 550199 18433 3812599 4.01689581902912 3.8990881925418 4.13722021474677 0
E081-DNase.macs2.narrowPeak.bed 15 12.9013855631365 0.310893500435168 1145 18433 3812599 2.73364958285668 1.52468478141886 4.53012429878477 0.000613920087362802
E8_TCM_D_48h.bed 9882 6433.83953625442 0 496547 18433 3812599 7.85596836461479 7.62662832156203 8.08850698207941 0
E8_TCM_T_48h.bed 9404 5870.62323330988 0 445736 18433 3812599 8.01497875301805 7.78505861088288 8.2516725197243 0
Enhancer_Andersson.bed 1869 1151.46405499158 6.89271501534345e-114 64780 18433 3812599 6.69218604849433 6.37239498595951 7.02556836618522 0
Enhancer_Hoffman.bed 8334 5354.12285302295 0 461420 18433 3812599 6.08528773298374 5.90937949562388 6.26689055230563 0
FAIRE.bed 3015 2933.75870248612 0.0350027057543148 162079 18433 3812599 4.46893137908425 4.29464096646568 4.64888319551845 0
FOSL2.bed 1720 1092.38721595723 2.03166616076414e-89 67335 18433 3812599 5.84800432624864 5.55840715452922 6.14968604280718 0
FOXO1_DeMayo.bed 1991 1369.87197917189 7.13306837886321e-73 93215 18433 3812599 4.91607573265272 4.68701066061914 5.15168966716313 0
FetalDHS_Trynka.bed 13580 10992.1939773052 0 889831 18433 3812599 9.31577227121022 9.01377826353469 9.63002403825425 0
GA_all_peaks.narrowPeak.cleaned.hg19.merged.100418.bed 9939 7584.56381947303 0 568808 18433 3812599 6.77383335056324 6.57772882617328 6.97501340886913 0
GA_all_peaks.narrowPeak.cleaned.hg19.merged.bed 11077 8219.3969825674 0 673907 18433 3812599 7.11381760955207 6.90551938795789 7.32924836306445 0
GA_all_peaks.overlap.Conserved.bed 1587 973.329272996482 4.26294117658162e-99 61717 18433 3812599 5.85010613477856 5.549887940492 6.16339935546007 0
GA_merged_cutsite_peaks.narrowPeak.hg19.bed 10878 7674.14745501016 0 605173 18433 3812599 7.75299835563354 7.52632397887475 7.98699301140166 0
GA_merged_footprint.dnase2tf.hg19.bed 3050 1523.96607891683 0 89321 18433 3812599 8.52172324509801 8.18904182474534 8.86392535854371 0
GSM1820082_d27_fdr0.05.hot.bed 5901 3281.80166078078 0 223719 18433 3812599 7.72945957546947 7.49080588435269 7.97779285979437 0
GSM1820085_d411_fdr0.05.hot.bed 2322 1239.71843845577 1.38269536715193e-216 80908 18433 3812599 6.81422053267275 6.51791082798306 7.121837051884 0
GSM1820087_d412_fdr0.05.hot.bed 4149 2223.18432540576 0 146084 18433 3812599 7.47256484266622 7.21405269210952 7.74150503096128 0
H3K27ac.bed 1962 996.368621355919 3.91401968362986e-210 74560 18433 3812599 6.10628005192823 5.82089223431163 6.40320374540685 0
H3K27ac_Hnisz.bed 16025 13085.1929432697 0 2206771 18433 3812599 4.87073351222889 4.66580219980272 5.08564958369146 0
H3K27ac_PGC2.bed 15870 12765.5921371598 0 1797793 18433 3812599 6.99206750243346 6.70505799411446 7.29460982118498 0
H3K27me3.bed 412 268.27294213772 5.47970628053254e-19 22680 18433 3812599 3.872560926622 3.50061142772295 4.27434327098513 8.14868558303165e-110
H3K4me1_peaks_Trynka.bed 15895 13860.0714346862 0 1479191 18433 3812599 9.97495855685741 9.56743774140301 10.4047275052152 0
H3K4me3.bed 3764 1695.6616789551 0 154854 18433 3812599 6.18615178474741 5.96518413105196 6.41659133508538 0
H3K4me3_peaks_Trynka.bed 10960 7351.9212206421 0 545392 18433 3812599 8.94522496722294 8.68483879317404 9.21339651649269 0
H3K9ac_peaks_Trynka.bed 10745 6770.04138813116 0 537927 18433 3812599 8.66079543443912 8.40982558250322 8.92197959485355 0
Humanfrontcortex.bed 7073 3436.33300231294 0 224674 18433 3812599 10.2339061946076 9.93038768667212 10.54570809397 0
Humanfrontcortex.hg38.bed 3759 2977.40771485509 7.96228361752619e-64 189442 18433 3812599 4.97813247344711 4.80041745785778 5.162105968388 0
IPS_merged_footprint.dnase2tf.bed 570 445.712721010974 1.6941318406545e-10 22208 18433 3812599 5.56326997534095 5.1035904777063 6.05403262110045 2.0247948659655e-219
IPS_merged_footprint.dnase2tf.hg19.bed 826 399.09212385569 3.95068719871225e-99 21959 18433 3812599 8.37550816613475 7.79201625549491 8.99588461135573 0
Intron_UCSC.bed 12336 12131.2287503692 3.17673719546268e-12 2925837 18433 3812599 0.611581166150223 0.592990198176415 0.630795687759084 1.88457506925227e-202
NR2F2.bed 1278 884.335372294559 5.18436161583097e-45 58607 18433 3812599 4.85585557196393 4.58181923731228 5.14263458311492 0
NSC_all_peaks.narrowPeak.cleaned.hg19.merged.bed 8138 5456.26249700273 0 378704 18433 3812599 7.30231804282931 7.09118532179566 7.52228818223784 0
NSC_all_peaks.overlap.Conserved.bed 1571 876.731988008992 1.2259552446065e-139 52742 18433 3812599 6.8146044807932 6.4622706151538 7.18220258275814 0
NSC_all_peaks.overlap.footprint.bed 2306 1152.76049235035 3.73480317549258e-259 68507 18433 3812599 8.05241581063181 7.70020320647079 8.41937445041524 0
NSC_footprint.hg19.bed 8828 7559.79460757198 1.00070576213873e-108 454460 18433 3812599 6.90579471787472 6.70700590794924 7.11130627316825 0
NSC_footprint.hg19.s+.bed 5772 4872.02422470153 2.18987825338285e-65 268247 18433 3812599 6.13412587250275 5.94431518924525 6.32918825741985 0
NSC_footprint.hg19.s-.bed 6011 4967.3009070967 9.40349072497218e-87 272145 18433 3812599 6.41485810922442 6.2186761369218 6.61664497988547 0
NSC_merged_cutsite_peaks.narrowPeak.hg19.bed 7199 4401.31927158343 0 309154 18433 3812599 7.41132640588884 7.1911340802091 7.63771640856895 0
NSC_merged_footprint.dnase2tf.bed 92 89.5233782409695 0.407526088118723 5468 18433 3812599 3.53482786993002 2.84356277474781 4.34647052133166 1.54925909085682e-23
NSC_merged_footprint.dnase2tf.hg19.bed 326 152.429532640749 5.48135144227035e-40 10138 18433 3812599 6.94249073825271 6.19353168714674 7.76286045917757 7.43857354512985e-153
Noonan_hNSC_50_peaks.bed 4391 2388.12997982871 0 140796 18433 3812599 8.38602707867174 8.10033401813864 8.67661003582922 0
Noonan_hNSC_P15-1_peaks.bed 2945 1543.21779458391 2.51973479379036e-322 85829 18433 3812599 8.51428676661309 8.17633952565658 8.86137367210783 0
Noonan_hNSC_P5-1_peaks.bed 2626 1278.22985969227 0 73890 18433 3812599 8.67874463384747 8.31927532352061 9.05072683525678 0
Noonan_hNSC_P5-2_peaks.bed 2718 1490.4041175975 3.81388780327481e-256 82351 18433 3812599 8.06801815044002 7.73684953864342 8.41000237258884 0
Noonan_union.bed 8584 4858.2634039517 0 491980 18433 3812599 5.96930593618835 5.79640770444056 6.14523015546678 0
PGR-A_Bagchi.bed 759 501.752447676265 2.82659402777984e-31 38240 18433 3812599 4.30428754667656 3.99488303095806 4.63206097498463 1.65974548312182e-224
PGR-B_Bagchi.bed 1221 859.509221686814 4.6458422879017e-37 66947 18433 3812599 4.02415619499976 3.79209570812601 4.26693754405493 0
PGR_Demayo.bed 434 362.968629136649 7.02618308531409e-05 25735 18433 3812599 3.59214009563538 3.2554847111276 3.95437405841265 2.69764757683006e-105
PLZF.bed 99 49.1453437137671 6.19896886305937e-11 3808 18433 3812599 5.51909059932957 4.47100954745087 6.7422088378374 8.26176274293665e-40
POLII_DeMayo.bed 3739 2176.81657800472 6.88521129776207e-268 436893 18433 3812599 1.97449290502677 1.90405654562736 2.0470789296053 4.46359463311026e-261
PromoterFlanking_Hoffman.bed 3394 1866.22840806777 5.29586441289024e-301 129668 18433 3812599 6.55531537023349 6.3105017830844 6.80830680367539 0
Promoter_UCSC.bed 4312 2939.09552084471 1.32102378190044e-177 377648 18433 3812599 2.79796386983781 2.70312595718842 2.89563766901135 0
Promoter_UCSC.hg38.bed 3456 2607.98639673148 4.49242718036393e-75 281550 18433 3812599 2.91754433674752 2.81008991197289 3.02804857231841 0
Repressed_Hoffman.bed 11231 13396.5585871359 1 1546600 18433 3812599 2.29421125579626 2.22691822815653 2.36347423205524 0
SuperEnhancer_Hnisz.bed 7439 4952.43580953116 0 1008953 18433 3812599 1.88667108733115 1.83173304786277 1.94356465210604 0
TFBS_ENCODE.bed 14696 12721.1391039018 2.13248026021196e-299 1190661 18433 3812599 8.75551552153691 8.44698478485279 9.07882693685196 0
TSS_Hoffman.bed 5560 2636.40567969749 0 238703 18433 3812599 6.59704277435305 6.38965692014851 6.81130425597861 0
UTR_3_UCSC.bed 2673 1881.45444696465 3.88018530079649e-87 186430 18433 3812599 3.33235688750889 3.19635058332975 3.47254294741978 0
UTR_5_UCSC.bed 2325 1384.69146451071 1.50777263317998e-154 109049 18433 3812599 4.98765322833388 4.7702277289008 5.21158157219291 0
WeakEnhancer_Hoffman.bed 5968 4245.23109950576 2.2158389706335e-227 283471 18433 3812599 6.06630986541059 5.88132615408108 6.25921460907213 0
adult_peaks.bed 6 8.26884229690387 0.842369414265866 603 18433 3812599 2.06904758774389 0.756155519205061 4.53075266022207 0.0751302190339054
adult_peaks.hg38.bed 11 7.63462152852379 0.144381314670567 491 18433 3812599 4.71914341908562 2.33959515066036 8.5213142616499 3.63708674895928e-05
eQTL_0.05_FDR.bed 85 45.2488592500966 2.39619722406741e-08 2229 18433 3812599 8.19286697825675 6.51435103211435 10.1843083309658 1.21781179023936e-46
eQTL_0.1_FDR.bed 137 70.3299008657849 1.01807696596442e-13 3531 18433 3812599 8.36262602521082 6.99401709869294 9.92800110050935 5.03886681685051e-75
eur_ld_breakpoints.bed 18433 18432.9855535486 2.71281592981995 3812586 18433 3812599 Inf 0.0148063292266649 Inf 1
eur_ld_breakpoints_named.bed 18433 18432.9855535486 2.71281592981995 3812586 18433 3812599 Inf 0.0148063292266649 Inf 1
eur_ld_breakpoints_named_sorted.bed 18433 18432.9855535486 2.71281592981995 3812586 18433 3812599 Inf 0.0148063292266649 Inf 1
eur_ld_breakpoints_sorted.bed 18433 18432.9855535486 2.71281592981995 3812586 18433 3812599 Inf 0.0148063292266649 Inf 1
fantomFetalBrainCage.gt10.bed 0 NA NA 57 18433 3812599 0 0 13.7588785588268 1
h3k27ac-final-C-48h.bed 7271 4483.13794042036 0 477581 18433 3812599 4.60394943026888 4.46812858985967 4.7427468842855 0
h3k27ac-final-D-48h.bed 7548 4653.50077237602 0 502176 18433 3812599 4.62592308747653 4.49075414765531 4.76498424009836 0
h3k4me1-final-C-48h.bed 10184 6991.11409345871 0 763125 18433 3812599 4.98660445599373 4.84298780801806 5.1346318511824 0
h3k4me1-final-D-48h.bed 10022 6883.11419616673 0 748036 18433 3812599 4.93420911008018 4.79250818646768 5.08021557765165 0
h3k4me3-final-C-48h.bed 5795 2703.35731515526 0 250814 18433 3812599 6.64202016051309 6.43529932406915 6.85289566679015 0
h3k4me3-final-D-48h.bed 5741 2695.27044760539 0 267360 18433 3812599 6.10773791069409 5.91871780665076 6.30213558693835 0
hic_all_interacting_DT1_dTL4_D_48h.bed 6688 4598.11114662486 1.61315353639928e-308 389141 18433 3812599 5.07972308280555 4.9280335623359 5.23638859991618 0
hic_all_interacting_DT1_dTL4_D_48h_expanded.bed 9660 7088.19428087482 0 873360 18433 3812599 3.73569764164821 3.62853156595028 3.84591431637959 0
hic_harmonizome_interacting_DT1_dTL4_D_48h.bed 1140 769.06311010638 2.51366171434593e-47 52641 18433 3812599 4.79067372157439 4.50556683760782 5.09073979743197 0
hic_human_gain_interacting_DT1_dTL4_D_48h.bed 273 159.682726500772 2.73573994735112e-18 13425 18433 3812599 4.32185507670488 3.81602405558349 4.87709067124242 2.17037528922742e-83
in.sorted.bed 0 NA NA 2 18433 3812599 0 0 1114.3629780585 1
ips_all_peaks.narrowPeak.cleaned.hg19.merged.bed 12529 10174.0097490864 0 850061 18433 3812599 7.49145875772668 7.26160179300495 7.73133942853089 0
ips_all_peaks.overlap.Conserved.bed 1753 1130.59957745668 3.48434101194262e-87 79071 18433 3812599 5.05211494060264 4.80445232106943 5.30932056367694 0
ips_all_peaks.overlap.footprint.bed 3109 1947.91089307555 1.04025946101483e-183 109490 18433 3812599 7.03253831105867 6.76224678523572 7.31391652293204 0
ips_footprint.hg19.bed 5678 4344.92818774654 1.06152836332979e-144 247158 18433 3812599 6.54924609213262 6.3436716739237 6.76032749243052 0
ips_footprint.hg19.s+.bed 3526 2633.37574991297 4.76089123591694e-94 139643 18433 3812599 6.35664219517651 6.12407095681415 6.59638925718995 0
ips_footprint.hg19.s-.bed 3510 2598.11089089634 2.27506582662146e-96 141865 18433 3812599 6.21549894341928 5.98595860921094 6.45016981986304 0
ips_merged_cutsite_peaks.narrowPeak.hg19.bed 11691 8918.0014558249 0 689777 18433 3812599 7.96783296851673 7.73052605092357 8.21493667302724 0
pooled_ASD_cand_peaks.bed 167 115.432994121671 3.47910678289459e-07 8898 18433 3812599 3.9639173149405 3.37832280340042 4.62375957069471 3.4022022507061e-47
pooled_ASD_cand_peaks.hg19.bed 382 443.411811409328 0.999199582404864 48207 18433 3812599 1.65772093588425 1.49348657252839 1.83546310973597 1.63099542066848e-19
pooled_ASD_sign_peaks.bed 46 29.8091989293906 0.00272930125404634 2326 18433 3812599 4.16070740831891 3.03623912159388 5.57057818606724 5.16531696752919e-15
pooled_ASD_sign_peaks.hg19.bed 126 109.503637242918 0.058596317677664 10173 18433 3812599 2.59227252915799 2.15582164529637 3.0921363042664 2.8528106771496e-20
